LRAP = 0.41666666666666663
eval_loss = 0.7365233302116394
